- n = 4

 i |    xi   | f(xi)
___|_________|___________
 0 |    -0.8 | 1.42857
 1 |     0.1 | 1.63347
 2 |       1 | 1.13636
 3 |     1.9 | 0.745891
 4 |     2.8 | 0.521472
 5 |     3.7 | 0.389085
 6 |     4.6 | 0.305398
 7 |     5.5 | 0.249017
 8 |     6.4 | 0.209003


-= Ipar = 5.29016
-=   I = 5.28174




- n = 6

 i |    xi   | f(xi)
___|_________|___________
 0 |    -0.8 | 1.42857
 1 |    -0.2 | 1.69643
 2 |     0.4 | 1.48649
 3 |       1 | 1.13636
 4 |     1.6 | 0.853659
 5 |     2.2 | 0.65678
 6 |     2.8 | 0.521473
 7 |     3.4 | 0.426267
 8 |       4 | 0.357143
 9 |     4.6 | 0.305398
10 |     5.2 | 0.265589
11 |     5.8 | 0.234226
12 |     6.4 | 0.209003


-= Ipar = 5.28562
-=   I = 5.28174




- n = 8

 i |    xi   | f(xi)
___|_________|___________
 0 |    -0.8 | 1.42857
 1 |   -0.35 | 1.68009
 2 |     0.1 | 1.63347
 3 |    0.55 | 1.39892
 4 |       1 | 1.13636
 5 |    1.45 | 0.915582
 6 |     1.9 | 0.745891
 7 |    2.35 | 0.618155
 8 |     2.8 | 0.521472
 9 |    3.25 | 0.447186
10 |     3.7 | 0.389085
11 |    4.15 | 0.342833
12 |     4.6 | 0.305398
13 |    5.05 | 0.274638
14 |     5.5 | 0.249017
15 |    5.95 | 0.227416
16 |     6.4 | 0.209003


-= Ipar = 5.28274
-=   I = 5.28174




